k	r	i
273.986	218.265	0
273.986	66.0863	1
273.986	33.2477	2
273.986	20.117	3
273.986	12.9251	4
273.986	8.73757	5
273.986	6.16367	6
273.986	4.60282	7
273.986	3.61257	8
273.986	2.99481	9
273.986	2.53162	10
273.986	2.1057	11
273.986	1.73743	12
273.986	1.44247	13
273.986	1.1822	14
273.986	0.982469	15
273.986	0.843239	16
273.986	0.742824	17
273.986	0.660247	18
273.986	0.584987	19
273.986	0.513636	20
273.986	0.448399	21
273.986	0.388471	22
273.986	0.338765	23
273.986	0.297398	24
273.986	0.260425	25
273.986	0.231357	26
273.986	0.204087	27
273.986	0.1749	28
273.986	0.146903	29
273.986	0.12028	30
273.986	0.0974048	31
273.986	0.0828147	32
273.986	0.0720648	33
273.986	0.0644304	34
273.986	0.059205	35
273.986	0.0543413	36
273.986	0.0498497	37
273.986	0.0460803	38
273.986	0.0427031	39
273.986	0.0399204	40
273.986	0.0375117	41
273.986	0.0351087	42
273.986	0.0327085	43
273.986	0.0296863	44
273.986	0.026126	45
273.986	0.0220825	46
273.986	0.018231	47
273.986	0.0148434	48
273.986	0.0121416	49
273.986	0.00992397	50
273.986	0.00808839	51
273.986	0.00650959	52
273.986	0.0051476	53
273.986	0.00397098	54
273.986	0.00298617	55
273.986	0.00226599	56
273.986	0.0017434	57
273.986	0.00138259	58
273.986	0.00114454	59
273.986	0.000943654	60
273.986	0.000760596	61
273.986	0.000589785	62
273.986	0.000432688	63
273.986	0.000303481	64
273.986	0.000218941	65
273.986	0.000156082	66
273.986	0.000108779	67
273.986	7.44588e-05	68
273.986	5.29114e-05	69
273.986	4.02847e-05	70
273.986	3.00274e-05	71
273.986	2.183e-05	72
273.986	1.50866e-05	73
273.986	1.00979e-05	74
273.986	6.68076e-06	75
273.986	4.52345e-06	76
273.986	3.07601e-06	77
273.986	2.00717e-06	78
273.986	1.31022e-06	79
273.986	9.21691e-07	80
273.986	6.88794e-07	81
273.986	5.41358e-07	82
273.986	4.25207e-07	83
273.986	3.29003e-07	84
273.986	2.49727e-07	85
273.986	1.90232e-07	86
273.986	1.37334e-07	87
273.986	9.60807e-08	88
273.986	6.80879e-08	89
273.986	4.82833e-08	90
273.986	3.45702e-08	91
273.986	2.55191e-08	92
273.986	1.91566e-08	93
273.986	1.47244e-08	94
273.986	1.10941e-08	95
273.986	7.85954e-09	96
273.986	5.50358e-09	97
273.986	4.08403e-09	98
273.986	3.03005e-09	99
273.986	2.33579e-09	100
273.986	1.85276e-09	101
273.986	1.50218e-09	102
273.986	1.18308e-09	103
273.986	8.93814e-10	104
273.986	6.26496e-10	105
273.986	4.16633e-10	106
273.986	2.59357e-10	107
273.986	1.51247e-10	108
273.986	7.73133e-11	109
273.986	0	110

