n	t	type	density
10	58	sparse	0
10	41	sparse	0.2
10	46	sparse	0.4
10	50	sparse	0.6
10	53	sparse	0.8
60	562	sparse	0
60	5296	sparse	0.2
60	7657	sparse	0.4
60	9318	sparse	0.6
60	12245	sparse	0.8
110	1369	sparse	0
110	52584	sparse	0.2
110	76219	sparse	0.4
110	136218	sparse	0.6
110	138077	sparse	0.8
160	2770	sparse	0
160	200436	sparse	0.2
160	403016	sparse	0.4
160	635673	sparse	0.6
160	1225507	sparse	0.8
210	3707	sparse	0
210	967852	sparse	0.2
210	2581203	sparse	0.4
210	2156797	sparse	0.6
210	2757190	sparse	0.8
260	4507	sparse	0
260	2579107	sparse	0.2
260	4620713	sparse	0.4
260	9166622	sparse	0.6
260	11389101	sparse	0.8
310	6759	sparse	0
310	7220214	sparse	0.2
310	9190225	sparse	0.4
310	20165653	sparse	0.6
310	26556807	sparse	0.8
360	8496	sparse	0
360	11373454	sparse	0.2
360	26453815	sparse	0.4
360	33407364	sparse	0.6
360	126289448	sparse	0.8
410	9594	sparse	0
410	24255332	sparse	0.2
410	82718181	sparse	0.4
410	71937888	sparse	0.6
410	256770504	sparse	0.8
460	12950	sparse	0
