n	t	type	density
10	35	sparse	0
10	33	sparse	0.025
10	46	sparse	0.05
10	33	sparse	0.075
10	45	sparse	0.1
10	34	sparse	0.125
10	33	sparse	0.15
10	46	sparse	0.175
10	36	sparse	0.2
10	90	sparse	1
60	758	sparse	0
60	561	sparse	0.025
60	2139	sparse	0.05
60	2495	sparse	0.075
60	3327	sparse	0.1
60	3001	sparse	0.125
60	5627	sparse	0.15
60	4414	sparse	0.175
60	4450	sparse	0.2
60	11855	sparse	1
110	1515	sparse	0
110	6770	sparse	0.025
110	14989	sparse	0.05
110	23446	sparse	0.075
110	43270	sparse	0.1
110	33868	sparse	0.125
110	42994	sparse	0.15
110	36103	sparse	0.175
110	88722	sparse	0.2
110	78377	sparse	1
160	2647	sparse	0
160	30332	sparse	0.025
160	59528	sparse	0.05
160	69920	sparse	0.075
160	153691	sparse	0.1
160	355835	sparse	0.125
160	248502	sparse	0.15
160	259635	sparse	0.175
160	303160	sparse	0.2
160	284997	sparse	1
210	3449	sparse	0
210	74408	sparse	0.025
210	268155	sparse	0.05
210	301417	sparse	0.075
210	481747	sparse	0.1
210	1018857	sparse	0.125
210	844463	sparse	0.15
210	975398	sparse	0.175
210	1953996	sparse	0.2
210	599441	sparse	1
260	6453	sparse	0
260	275273	sparse	0.025
260	426481	sparse	0.05
260	2094784	sparse	0.075
260	1731475	sparse	0.1
260	1339664	sparse	0.125
260	1750558	sparse	0.15
260	3560949	sparse	0.175
260	2320618	sparse	0.2
260	1380895	sparse	1
310	7772	sparse	0
310	285710	sparse	0.025
310	1243099	sparse	0.05
310	1833673	sparse	0.075
310	2929864	sparse	0.1
